def draw_humain(x0:int, y0:int):
    humain = [[0,0,0,0,0,0,0,0,0,0,0,0,0,0],
    [0,0,0,0,0,0,0,0,1,1,0,0,0,0],
    [0,1,1,0,0,0,0,1,1,1,1,0,0,0],
    [0,1,1,0,0,0,0,1,1,1,1,0,0,0],
    [0,1,1,0,0,0,0,1,1,1,1,0,0,0],
    [1,1,1,0,0,0,0,0,1,1,0,0,0,0],
    [1,1,1,1,0,0,1,1,1,1,1,1,0,0],
    [0,1,1,1,1,1,1,1,1,1,1,1,1,0],
    [0,1,1,1,1,1,1,1,1,1,1,1,1,1],
    [0,0,1,1,1,1,1,1,1,1,1,1,1,1],
    [0,0,0,1,1,1,1,1,1,1,1,1,1,1],
    [0,0,0,0,1,1,1,1,1,1,1,1,1,1],
    [0,0,0,0,0,1,1,1,1,1,1,1,1,1]]
    for y in range(len(humain)-1, 0, -1):
        for x in range(len(humain[y])):
            coord = x0+x, y0-y
            if humain[-y][x] == 1:
                objet_image.putpixel(coord, (0,0,0))
